0 1 0.491059272838
0 2 0.392978293179
0 3 0.0209153591183
0 4 0.197918282026
0 5 0.349734865413
0 6 0.221278864862
0 7 0.0996501253494
0 8 0.0330203784017
0 9 0.0563527110666
0 10 0.343199040005
0 11 0.27596238253
0 12 0.164382018613
0 13 0.157525710497
0 14 0.147940985383
0 15 0.343614638176
0 16 0.153308172793
0 17 0.433528179003
0 18 0.263034746226
0 19 0.277118415351
0 20 0.36992794464
0 21 0.315870385875
0 22 0.434482335926
0 23 0.461165805986
0 24 0.239195458332
0 25 0.0535826200526
0 26 0.00405597550902
0 27 0.478766437429
0 28 0.428149510298
0 29 0.254270081495
0 30 0.341541429556
0 31 0.141081544519
0 32 0.371496249026
0 33 0.0233876225288
0 34 0.142043943491
0 35 0.430039034396
0 36 0.0543555925716
0 37 0.111923128298
0 38 0.501067747584
0 39 0.366109604037
0 40 0.457173641612
0 41 0.181161699503
0 42 0.229150890202
0 43 0.277564554748
0 44 0.416624742602
0 45 0.225772659224
0 46 0.0532165153906
0 47 0.460372439245
0 48 0.0269356687878
0 49 0.286062513987
1 2 0.884037566017
1 3 0.470143913719
1 4 0.688977554864
1 5 0.840794138251
1 6 0.7123381377
1 7 0.391409147488
1 8 0.458038894436
1 9 0.547411983904
1 10 0.147860232833
1 11 0.215096890307
1 12 0.326677254224
1 13 0.33353356234
1 14 0.63900025822
1 15 0.834673911014
1 16 0.644367445631
1 17 0.0575310938343
1 18 0.754094019064
1 19 0.213940857487
1 20 0.121131328198
1 21 0.806929658713
1 22 0.925541608764
1 23 0.0298934668517
1 24 0.251863814506
1 25 0.437476652785
1 26 0.495115248347
1 27 0.0122928354088
1 28 0.919208783136
1 29 0.236789191342
1 30 0.832600702394
1 31 0.632140817357
1 32 0.862555521864
1 33 0.467671650309
1 34 0.633103216329
1 35 0.921098307234
1 36 0.545414865409
1 37 0.602982401136
1 38 0.0100084747459
1 39 0.1249496688
1 40 0.0338856312254
1 41 0.67222097234
1 42 0.261908382635
1 43 0.768623827586
1 44 0.0744345302353
1 45 0.265286613614
1 46 0.544275788228
1 47 0.951431712083
1 48 0.517994941626
1 49 0.204996758851
2 3 0.413893652297
2 4 0.195060011153
2 5 0.0432434277662
2 6 0.171699428317
2 7 0.492628418528
2 8 0.425998671581
2 9 0.336625582112
2 10 0.736177333184
2 11 0.668940675709
2 12 0.557360311792
2 13 0.550504003676
2 14 0.245037307796
2 15 0.0493636550033
2 16 0.239670120386
2 17 0.826506472182
2 18 0.129943546953
2 19 0.67009670853
2 20 0.762906237819
2 21 0.0771079073037
2 22 0.041504042747
2 23 0.854144099165
2 24 0.632173751511
2 25 0.446560913232
2 26 0.38892231767
2 27 0.871744730608
2 28 0.0351712171192
2 29 0.647248374675
2 30 0.0514368636226
2 31 0.25189674866
2 32 0.0214820441526
2 33 0.416365915708
2 34 0.250934349688
2 35 0.0370607412173
2 36 0.338622700607
2 37 0.281055164881
2 38 0.894046040763
2 39 0.759087897216
2 40 0.850151934791
2 41 0.211816593676
2 42 0.622129183382
2 43 0.115413738431
2 44 0.809603035781
2 45 0.618750952403
2 46 0.339761777788
2 47 0.0673941460662
2 48 0.366042624391
2 49 0.679040807166
3 4 0.218833641144
3 5 0.370650224531
3 6 0.242194223981
3 7 0.0787347662311
3 8 0.0121050192834
3 9 0.0772680701848
3 10 0.322283680887
3 11 0.255047023412
3 12 0.143466659495
3 13 0.136610351379
3 14 0.168856344501
3 15 0.364529997294
3 16 0.174223531911
3 17 0.412612819885
3 18 0.283950105345
3 19 0.256203056233
3 20 0.349012585521
3 21 0.336785744994
3 22 0.455397695044
3 23 0.440250446868
3 24 0.218280099213
3 25 0.0326672609343
3 26 0.0249713346273
3 27 0.457851078311
3 28 0.449064869417
3 29 0.233354722377
3 30 0.362456788675
3 31 0.161996903637
3 32 0.392411608145
3 33 0.00247226341051
3 34 0.16295930261
3 35 0.450954393515
3 36 0.0752709516899
3 37 0.132838487416
3 38 0.480152388465
3 39 0.345194244919
3 40 0.436258282494
3 41 0.202077058621
3 42 0.208235531084
3 43 0.298479913867
3 44 0.395709383484
3 45 0.204857300105
3 46 0.0741318745089
3 47 0.481287798364
3 48 0.0478510279061
3 49 0.265147154869
4 5 0.151816583387
4 6 0.0233605828365
4 7 0.297568407375
4 8 0.230938660428
4 9 0.141565570959
4 10 0.541117322031
4 11 0.473880664556
4 12 0.362300300639
4 13 0.355443992523
4 14 0.0499772966431
4 15 0.14569635615
4 16 0.0446101092329
4 17 0.631446461029
4 18 0.0651164642006
4 19 0.475036697377
4 20 0.567846226666
4 21 0.117952103849
4 22 0.2365640539
4 23 0.659084088012
4 24 0.437113740357
4 25 0.251500902078
4 26 0.193862306517
4 27 0.676684719455
4 28 0.230231228272
4 29 0.452188363521
4 30 0.143623147531
4 31 0.0568367375069
4 32 0.173577967001
4 33 0.221305904555
4 34 0.0558743385344
4 35 0.232120752371
4 36 0.143562689454
4 37 0.0859951537278
4 38 0.698986029609
4 39 0.564027886063
4 40 0.655091923638
4 41 0.0167565825232
4 42 0.427069172228
4 43 0.0796462727226
4 44 0.614543024628
4 45 0.423690941249
4 46 0.144701766635
4 47 0.262454157219
4 48 0.170982613238
4 49 0.483980796013
5 6 0.128456000551
5 7 0.449384990762
5 8 0.382755243815
5 9 0.293382154346
5 10 0.692933905418
5 11 0.625697247943
5 12 0.514116884026
5 13 0.50726057591
5 14 0.20179388003
5 15 0.00612022723711
5 16 0.19642669262
5 17 0.783263044416
5 18 0.0867001191865
5 19 0.626853280764
5 20 0.719662810053
5 21 0.0338644795376
5 22 0.0847474705131
5 23 0.810900671399
5 24 0.588930323744
5 25 0.403317485466
5 26 0.345678889904
5 27 0.828501302842
5 28 0.0784146448854
5 29 0.604004946908
5 30 0.00819343585645
5 31 0.208653320894
5 32 0.0217613836135
5 33 0.373122487942
5 34 0.207690921921
5 35 0.0803041689835
5 36 0.295379272841
5 37 0.237811737115
5 38 0.850802612997
5 39 0.71584446945
5 40 0.806908507025
5 41 0.16857316591
5 42 0.578885755615
5 43 0.0721703106645
5 44 0.766359608015
5 45 0.575507524636
5 46 0.296518350022
5 47 0.110637573832
5 48 0.322799196625
5 49 0.6357973794
6 7 0.320928990212
6 8 0.254299243264
6 9 0.164926153796
6 10 0.564477904867
6 11 0.497241247393
6 12 0.385660883476
6 13 0.37880457536
6 14 0.0733378794796
6 15 0.122335773313
6 16 0.0679706920694
6 17 0.654807043866
6 18 0.0417558813641
6 19 0.498397280213
6 20 0.591206809502
6 21 0.094591521013
6 22 0.213203471064
6 23 0.682444670848
6 24 0.460474323194
6 25 0.274861484915
6 26 0.217222889353
6 27 0.700045302291
6 28 0.206870645436
6 29 0.475548946358
6 30 0.120262564694
6 31 0.0801973203434
6 32 0.150217384164
6 33 0.244666487391
6 34 0.0792349213709
6 35 0.208760169534
6 36 0.166923272291
6 37 0.109355736564
6 38 0.722346612446
6 39 0.5873884689
6 40 0.678452506475
6 41 0.0401171653597
6 42 0.450429755065
6 43 0.0562856898861
6 44 0.637903607465
6 45 0.447051524086
6 46 0.168062349472
6 47 0.239093574383
6 48 0.194343196074
6 49 0.507341378849
7 8 0.0666297469477
7 9 0.156002836416
7 10 0.243548914656
7 11 0.176312257181
7 12 0.0647318932638
7 13 0.0578755851479
7 14 0.247591110732
7 15 0.443264763525
7 16 0.252958298142
7 17 0.333878053654
7 18 0.362684871576
7 19 0.177468290002
7 20 0.27027781929
7 21 0.415520511225
7 22 0.534132461275
7 23 0.361515680637
7 24 0.139545332982
7 25 0.0460675052968
7 26 0.103706100858
7 27 0.379116312079
7 28 0.527799635648
7 29 0.154619956146
7 30 0.441191554906
7 31 0.240731669868
7 32 0.471146374376
7 33 0.0762625028206
7 34 0.241694068841
7 35 0.529689159746
7 36 0.154005717921
7 37 0.211573253647
7 38 0.401417622234
7 39 0.266459478688
7 40 0.357523516263
7 41 0.280811824852
7 42 0.129500764853
7 43 0.377214680098
7 44 0.316974617253
7 45 0.126122533874
7 46 0.15286664074
7 47 0.560022564595
7 48 0.126585794137
7 49 0.186412388638
8 9 0.0893730894683
8 10 0.310178661603
8 11 0.242942004129
8 12 0.131361640212
8 13 0.124505332096
8 14 0.180961363784
8 15 0.376635016578
8 16 0.186328551195
8 17 0.400507800602
8 18 0.296055124628
8 19 0.244098036949
8 20 0.336907566238
8 21 0.348890764277
8 22 0.467502714328
8 23 0.428145427584
8 24 0.20617507993
8 25 0.0205622416509
8 26 0.0370763539107
8 27 0.445746059027
8 28 0.4611698887
8 29 0.221249703094
8 30 0.374561807958
8 31 0.174101922921
8 32 0.404516627428
8 33 0.00963275587293
8 34 0.175064321893
8 35 0.463059412798
8 36 0.0873759709734
8 37 0.1449435067
8 38 0.468047369182
8 39 0.333089225636
8 40 0.424153263211
8 41 0.214182077904
8 42 0.196130511801
8 43 0.31058493315
8 44 0.383604364201
8 45 0.192752280822
8 46 0.0862368937923
8 47 0.493392817647
8 48 0.0599560471895
8 49 0.253042135585
9 10 0.399551751072
9 11 0.332315093597
9 12 0.22073472968
9 13 0.213878421564
9 14 0.0915882743162
9 15 0.287261927109
9 16 0.0969554617263
9 17 0.48988089007
9 18 0.20668203516
9 19 0.333471126418
9 20 0.426280655706
9 21 0.259517674809
9 22 0.378129624859
9 23 0.517518517053
9 24 0.295548169398
9 25 0.109935331119
9 26 0.0522967355575
9 27 0.535119148495
9 28 0.371796799232
9 29 0.310622792562
9 30 0.28518871849
9 31 0.0847288334523
9 32 0.31514353796
9 33 0.0797403335953
9 34 0.0856912324249
9 35 0.37368632333
9 36 0.00199711849492
9 37 0.0555704172315
9 38 0.55742045865
9 39 0.422462315104
9 40 0.513526352679
9 41 0.124808988436
9 42 0.285503601269
9 43 0.221211843682
9 44 0.472977453669
9 45 0.28212537029
9 46 0.00313619567592
9 47 0.404019728179
9 48 0.0294170422787
9 49 0.342415225054
10 11 0.0672366574748
10 12 0.178817021392
10 13 0.185673329508
10 14 0.491140025388
10 15 0.686813678181
10 16 0.496507212798
10 17 0.0903291389983
10 18 0.606233786232
10 19 0.0660806246542
10 20 0.0267289046346
10 21 0.65906942588
10 22 0.777681375931
10 23 0.117966765981
10 24 0.104003581674
10 25 0.289616419953
10 26 0.347255015514
10 27 0.135567397424
10 28 0.771348550303
10 29 0.0889289585097
10 30 0.684740469562
10 31 0.484280584524
10 32 0.714695289032
10 33 0.319811417476
10 34 0.485242983497
10 35 0.773238074402
10 36 0.397554632577
10 37 0.455122168303
10 38 0.157868707578
10 39 0.0229105640321
10 40 0.113974601607
10 41 0.524360739508
10 42 0.114048149803
10 43 0.620763594754
10 44 0.0734257025973
10 45 0.117426380782
10 46 0.396415555396
10 47 0.80357147925
10 48 0.370134708793
10 49 0.0571365260182
11 12 0.111580363917
11 13 0.118436672033
11 14 0.423903367913
11 15 0.619577020706
11 16 0.429270555323
11 17 0.157565796473
11 18 0.538997128757
11 19 0.00115603282061
11 20 0.0939655621094
11 21 0.591832768406
11 22 0.710444718456
11 23 0.185203423456
11 24 0.0367669241988
11 25 0.222379762478
11 26 0.280018358039
11 27 0.202804054899
11 28 0.704111892829
11 29 0.0216923010349
11 30 0.617503812087
11 31 0.417043927049
11 32 0.647458631557
11 33 0.252574760002
11 34 0.418006326022
11 35 0.706001416927
11 36 0.330317975102
11 37 0.387885510828
11 38 0.225105365053
11 39 0.0901472215069
11 40 0.181211259082
11 41 0.457124082033
11 42 0.0468114923279
11 43 0.553526937279
11 44 0.140662360072
11 45 0.0501897233068
11 46 0.329178897921
11 47 0.736334821776
11 48 0.302898051318
11 49 0.0101001314566
12 13 0.00685630811591
12 14 0.312323003996
12 15 0.507996656789
12 16 0.317690191406
12 17 0.26914616039
12 18 0.42741676484
12 19 0.112736396738
12 20 0.205545926027
12 21 0.480252404489
12 22 0.598864354539
12 23 0.296783787373
12 24 0.0748134397183
12 25 0.110799398561
12 26 0.168437994122
12 27 0.314384418816
12 28 0.592531528911
12 29 0.0898880628822
12 30 0.50592344817
12 31 0.305463563132
12 32 0.53587826764
12 33 0.140994396084
12 34 0.306425962105
12 35 0.59442105301
12 36 0.218737611185
12 37 0.276305146911
12 38 0.33668572897
12 39 0.201727585424
12 40 0.292791622999
12 41 0.345543718116
12 42 0.0647688715892
12 43 0.441946573362
12 44 0.252242723989
12 45 0.0613906406104
12 46 0.217598534004
12 47 0.624754457858
12 48 0.191317687401
12 49 0.121680495374
13 14 0.30546669588
13 15 0.501140348673
13 16 0.31083388329
13 17 0.276002468506
13 18 0.420560456724
13 19 0.119592704854
13 20 0.212402234142
13 21 0.473396096373
13 22 0.592008046423
13 23 0.303640095489
13 24 0.0816697478342
13 25 0.103943090445
13 26 0.161581686006
13 27 0.321240726932
13 28 0.585675220796
13 29 0.0967443709981
13 30 0.499067140054
13 31 0.298607255016
13 32 0.529021959524
13 33 0.134138087969
13 34 0.299569653989
13 35 0.587564744894
13 36 0.211881303069
13 37 0.269448838795
13 38 0.343542037086
13 39 0.20858389354
13 40 0.299647931115
13 41 0.33868741
13 42 0.0716251797051
13 43 0.435090265246
13 44 0.259099032105
13 45 0.0682469487263
13 46 0.210742225888
13 47 0.617898149743
13 48 0.184461379285
13 49 0.12853680349
14 15 0.195673652793
14 16 0.00536718741015
14 17 0.581469164386
14 18 0.115093760844
14 19 0.425059400734
14 20 0.517868930023
14 21 0.167929400493
14 22 0.286541350543
14 23 0.609106791369
14 24 0.387136443714
14 25 0.201523605435
14 26 0.143885009874
14 27 0.626707422812
14 28 0.280208524916
14 29 0.402211066878
14 30 0.193600444174
14 31 0.00685944086386
14 32 0.223555263644
14 33 0.171328607912
14 34 0.00589704189128
14 35 0.282098049014
14 36 0.0935853928111
14 37 0.0360178570847
14 38 0.649008732966
14 39 0.51405058942
14 40 0.605114626995
14 41 0.0332207141199
14 42 0.377091875585
14 43 0.129623569366
14 44 0.564565727985
14 45 0.373713644606
14 46 0.0947244699921
14 47 0.312431453863
14 48 0.121005316595
14 49 0.43400349937
15 16 0.190306465383
15 17 0.777142817179
15 18 0.0805798919494
15 19 0.620733053527
15 20 0.713542582816
15 21 0.0277442523005
15 22 0.0908676977503
15 23 0.804780444162
15 24 0.582810096507
15 25 0.397197258228
15 26 0.339558662667
15 27 0.822381075605
15 28 0.0845348721225
15 29 0.597884719671
15 30 0.00207320861934
15 31 0.202533093657
15 32 0.0278816108506
15 33 0.367002260705
15 34 0.201570694684
15 35 0.0864243962206
15 36 0.289259045604
15 37 0.231691509878
15 38 0.844682385759
15 39 0.709724242213
15 40 0.800788279788
15 41 0.162452938673
15 42 0.572765528378
15 43 0.0660500834274
15 44 0.760239380778
15 45 0.569387297399
15 46 0.290398122785
15 47 0.116757801069
15 48 0.316678969388
15 49 0.629677152163
16 17 0.586836351796
16 18 0.109726573434
16 19 0.430426588144
16 20 0.523236117433
16 21 0.162562213082
16 22 0.281174163133
16 23 0.614473978779
16 24 0.392503631124
16 25 0.206890792846
16 26 0.149252197284
16 27 0.632074610222
16 28 0.274841337505
16 29 0.407578254288
16 30 0.188233256764
16 31 0.012226628274
16 32 0.218188076234
16 33 0.176695795322
16 34 0.0112642293014
16 35 0.276730861603
16 36 0.0989525802212
16 37 0.0413850444948
16 38 0.654375920377
16 39 0.51941777683
16 40 0.610481814405
16 41 0.0278535267098
16 42 0.382459062995
16 43 0.124256381956
16 44 0.569932915395
16 45 0.379080832016
16 46 0.100091657402
16 47 0.307064266452
16 48 0.126372504005
16 49 0.43937068678
17 18 0.69656292523
17 19 0.156409763652
17 20 0.0636002343637
17 21 0.749398564879
17 22 0.868010514929
17 23 0.0276376269826
17 24 0.194332720672
17 25 0.379945558951
17 26 0.437584154512
17 27 0.0452382584255
17 28 0.861677689302
17 29 0.179258097508
17 30 0.77506960856
17 31 0.574609723522
17 32 0.80502442803
17 33 0.410140556475
17 34 0.575572122495
17 35 0.8635672134
17 36 0.487883771575
17 37 0.545451307301
17 38 0.0675395685802
17 39 0.0674185749662
17 40 0.0236454626089
17 41 0.614689878506
17 42 0.204377288801
17 43 0.711092733752
17 44 0.016903436401
17 45 0.20775551978
17 46 0.486744694394
17 47 0.893900618249
17 48 0.460463847791
17 49 0.147465665016
18 19 0.540153161577
18 20 0.632962690866
18 21 0.0528356396489
18 22 0.1714475897
18 23 0.724200552212
18 24 0.502230204558
18 25 0.316617366279
18 26 0.258978770717
18 27 0.741801183655
18 28 0.165114764072
18 29 0.517304827722
18 30 0.07850668333
18 31 0.121953201708
18 32 0.1084615028
18 33 0.286422368755
18 34 0.120990802735
18 35 0.16700428817
18 36 0.208679153655
18 37 0.151111617928
18 38 0.76410249381
18 39 0.629144350264
18 40 0.720208387839
18 41 0.0818730467238
18 42 0.492185636429
18 43 0.014529808522
18 44 0.679659488829
18 45 0.48880740545
18 46 0.209818230836
18 47 0.197337693019
18 48 0.236099077439
18 49 0.549097260213
19 20 0.0928095292888
19 21 0.592988801226
19 22 0.711600751277
19 23 0.184047390635
19 24 0.0379229570194
19 25 0.223535795298
19 26 0.28117439086
19 27 0.201648022078
19 28 0.705267925649
19 29 0.0228483338555
19 30 0.618659844907
19 31 0.41819995987
19 32 0.648614664377
19 33 0.253730792822
19 34 0.419162358842
19 35 0.707157449747
19 36 0.331474007923
19 37 0.389041543649
19 38 0.223949332233
19 39 0.0889911886863
19 40 0.180055226261
19 41 0.458280114854
19 42 0.0479675251485
19 43 0.554682970099
19 44 0.139506327251
19 45 0.0513457561274
19 46 0.330334930742
19 47 0.737490854596
19 48 0.304054084139
19 49 0.00894409863602
20 21 0.685798330515
20 22 0.804410280566
20 23 0.0912378613463
20 24 0.130732486308
20 25 0.316345324587
20 26 0.373983920149
20 27 0.108838492789
20 28 0.798077454938
20 29 0.115657863144
20 30 0.711469374196
20 31 0.511009489159
20 32 0.741424193666
20 33 0.346540322111
20 34 0.511971888131
20 35 0.799966979036
20 36 0.424283537211
20 37 0.481851072938
20 38 0.131139802944
20 39 0.00381834060249
20 40 0.0872456969725
20 41 0.551089644142
20 42 0.140777054437
20 43 0.647492499388
20 44 0.0466967979626
20 45 0.144155285416
20 46 0.42314446003
20 47 0.830300383885
20 48 0.396863613428
20 49 0.0838654306528
21 22 0.118611950051
21 23 0.777036191861
21 24 0.555065844207
21 25 0.369453005928
21 26 0.311814410366
21 27 0.794636823304
21 28 0.112279124423
21 29 0.570140467371
21 30 0.0256710436811
21 31 0.174788841356
21 32 0.0556258631511
21 33 0.339258008404
21 34 0.173826442384
21 35 0.114168648521
21 36 0.261514793304
21 37 0.203947257577
21 38 0.816938133459
21 39 0.681979989913
21 40 0.773044027488
21 41 0.134708686373
21 42 0.545021276078
21 43 0.0383058311269
21 44 0.732495128478
21 45 0.541643045099
21 46 0.262653870485
21 47 0.14450205337
21 48 0.288934717087
21 49 0.601932899862
22 23 0.895648141912
22 24 0.673677794258
22 25 0.488064955979
22 26 0.430426360417
22 27 0.913248773355
22 28 0.00633282562778
22 29 0.688752417421
22 30 0.0929409063696
22 31 0.293400791407
22 32 0.0629860868996
22 33 0.457869958455
22 34 0.292438392435
22 35 0.00444330152965
22 36 0.380126743354
22 37 0.322559207628
22 38 0.93555008351
22 39 0.800591939963
22 40 0.891655977538
22 41 0.253320636423
22 42 0.663633226129
22 43 0.156917781178
22 44 0.851107078528
22 45 0.66025499515
22 46 0.381265820535
22 47 0.0258901033192
22 48 0.407546667138
22 49 0.720544849913
23 24 0.221970347655
23 25 0.407583185933
23 26 0.465221781495
23 27 0.0176006314429
23 28 0.889315316284
23 29 0.206895724491
23 30 0.802707235542
23 31 0.602247350505
23 32 0.832662055012
23 33 0.437778183457
23 34 0.603209749478
23 35 0.891204840382
23 36 0.515521398558
23 37 0.573088934284
23 38 0.0399019415976
23 39 0.0950562019488
23 40 0.00399216437373
23 41 0.642327505489
23 42 0.232014915784
23 43 0.738730360734
23 44 0.0445410633836
23 45 0.235393146762
23 46 0.514382321377
23 47 0.921538245231
23 48 0.488101474774
23 49 0.175103291999
24 25 0.185612838279
24 26 0.243251433841
24 27 0.239570979097
24 28 0.66734496863
24 29 0.0150746231639
24 30 0.580736887888
24 31 0.38027700285
24 32 0.610691707358
24 33 0.215807835803
24 34 0.381239401823
24 35 0.669234492728
24 36 0.293551050903
24 37 0.35111858663
24 38 0.261872289252
24 39 0.126914145706
24 40 0.217978183281
24 41 0.420357157834
24 42 0.0100445681291
24 43 0.51676001308
24 44 0.177429284271
24 45 0.0134227991079
24 46 0.292411973722
24 47 0.699567897577
24 48 0.266131127119
24 49 0.0468670556554
25 26 0.0576385955617
25 27 0.425183817376
25 28 0.481732130351
25 29 0.200687461443
25 30 0.395124049609
25 31 0.194664164572
25 32 0.425078869079
25 33 0.0301949975238
25 34 0.195626563544
25 35 0.483621654449
25 36 0.107938212624
25 37 0.165505748351
25 38 0.447485127531
25 39 0.312526983985
25 40 0.40359102156
25 41 0.234744319555
25 42 0.17556827015
25 43 0.331147174801
25 44 0.36304212255
25 45 0.172190039171
25 46 0.106799135443
25 47 0.513955059298
25 48 0.0805182888405
25 49 0.232479893934
26 27 0.482822412938
26 28 0.424093534789
26 29 0.258326057004
26 30 0.337485454047
26 31 0.13702556901
26 32 0.367440273517
26 33 0.0274435980378
26 34 0.137987967982
26 35 0.425983058887
26 36 0.0502996170626
26 37 0.107867152789
26 38 0.505123723093
26 39 0.370165579546
26 40 0.461229617121
26 41 0.177105723994
26 42 0.233206865711
26 43 0.273508579239
26 44 0.420680718111
26 45 0.229828634733
26 46 0.0491605398816
26 47 0.456316463736
26 48 0.0228796932788
26 49 0.290118489496
27 28 0.906915947727
27 29 0.224496355933
27 30 0.820307866985
27 31 0.619847981948
27 32 0.850262686455
27 33 0.4553788149
27 34 0.62081038092
27 35 0.908805471825
27 36 0.533122030001
27 37 0.590689565727
27 38 0.0223013101547
27 39 0.112656833392
27 40 0.0215927958166
27 41 0.659928136932
27 42 0.249615547226
27 43 0.756330992177
27 44 0.0621416948265
27 45 0.252993778205
27 46 0.53198295282
27 47 0.939138876674
27 48 0.505702106217
27 49 0.192703923442
28 29 0.682419591794
28 30 0.0866080807418
28 31 0.287067965779
28 32 0.0566532612718
28 33 0.451537132827
28 34 0.286105566807
28 35 0.00188952409813
28 36 0.373793917727
28 37 0.316226382
28 38 0.929217257882
28 39 0.794259114336
28 40 0.885323151911
28 41 0.246987810796
28 42 0.657300400501
28 43 0.15058495555
28 44 0.844774252901
28 45 0.653922169522
28 46 0.374932994908
28 47 0.032222928947
28 48 0.40121384151
28 49 0.714212024285
29 30 0.595811511052
29 31 0.395351626014
29 32 0.625766330522
29 33 0.230882458967
29 34 0.396314024987
29 35 0.684309115892
29 36 0.308625674067
29 37 0.366193209793
29 38 0.246797666088
29 39 0.111839522542
29 40 0.202903560117
29 41 0.435431780998
29 42 0.025119191293
29 43 0.531834636244
29 44 0.162354661107
29 45 0.0284974222719
29 46 0.307486596886
29 47 0.714642520741
29 48 0.281205750283
29 49 0.0317924324915
30 31 0.200459885038
30 32 0.02995481947
30 33 0.364929052085
30 34 0.199497486065
30 35 0.0884976048399
30 36 0.287185836985
30 37 0.229618301258
30 38 0.84260917714
30 39 0.707651033594
30 40 0.798715071169
30 41 0.160379730054
30 42 0.570692319759
30 43 0.063976874808
30 44 0.758166172159
30 45 0.56731408878
30 46 0.288324914166
30 47 0.118831009689
30 48 0.314605760769
30 49 0.627603943543
31 32 0.230414704508
31 33 0.164469167048
31 34 0.000962398972583
31 35 0.288957489878
31 36 0.0867259519472
31 37 0.0291584162208
31 38 0.642149292103
31 39 0.507191148556
31 40 0.598255186131
31 41 0.0400801549838
31 42 0.370232434721
31 43 0.13648301023
31 44 0.557706287121
31 45 0.366854203742
31 46 0.0878650291282
31 47 0.319290894726
31 48 0.114145875731
31 49 0.427144058506
32 33 0.394883871555
32 34 0.229452305535
32 35 0.05854278537
32 36 0.317140656455
32 37 0.259573120728
32 38 0.87256399661
32 39 0.737605853064
32 40 0.828669890639
32 41 0.190334549524
32 42 0.600647139229
32 43 0.093931694278
32 44 0.788120991629
32 45 0.59726890825
32 46 0.318279733636
32 47 0.0888761902188
32 48 0.344560580239
32 49 0.657558763013
33 34 0.16543156602
33 35 0.453426656925
33 36 0.0777432151004
33 37 0.135310750827
33 38 0.477680125055
33 39 0.342721981508
33 40 0.433786019084
33 41 0.204549322031
33 42 0.205763267674
33 43 0.300952177277
33 44 0.393237120074
33 45 0.202385036695
33 46 0.0766041379194
33 47 0.483760061774
33 48 0.0503232913166
33 49 0.262674891458
34 35 0.287995090905
34 36 0.0876883509198
34 37 0.0301208151934
34 38 0.643111691075
34 39 0.508153547529
34 40 0.599217585104
34 41 0.0391177560112
34 42 0.371194833694
34 43 0.135520611257
34 44 0.558668686094
34 45 0.367816602715
34 46 0.0888274281008
34 47 0.318328495754
34 48 0.115108274704
34 49 0.428106457478
35 36 0.375683441825
35 37 0.318115906098
35 38 0.93110678198
35 39 0.796148638434
35 40 0.887212676009
35 41 0.248877334894
35 42 0.659189924599
35 43 0.152474479648
35 44 0.846663776999
35 45 0.65581169362
35 46 0.376822519006
35 47 0.0303334048489
35 48 0.403103365609
35 49 0.716101548383
36 37 0.0575675357264
36 38 0.555423340155
36 39 0.420465196609
36 40 0.511529234184
36 41 0.126806106931
36 42 0.283506482774
36 43 0.223208962177
36 44 0.470980335174
36 45 0.280128251795
36 46 0.001139077181
36 47 0.406016846674
36 48 0.0274199237838
36 49 0.340418106559
37 38 0.612990875882
37 39 0.478032732335
37 40 0.56909676991
37 41 0.0692385712046
37 42 0.341074018501
37 43 0.16564142645
37 44 0.5285478709
37 45 0.337695787522
37 46 0.0587066129074
37 47 0.348449310947
37 48 0.0849874595102
37 49 0.397985642285
38 39 0.134958143546
38 40 0.0438941059713
38 41 0.682229447086
38 42 0.271916857381
38 43 0.778632302332
38 44 0.0844430049812
38 45 0.27529508836
38 46 0.554284262974
38 47 0.961440186829
38 48 0.528003416371
38 49 0.215005233597
39 40 0.091064037575
39 41 0.54727130354
39 42 0.136958713835
39 43 0.643674158786
39 44 0.0505151385651
39 45 0.140336944814
39 46 0.419326119428
39 47 0.826482043283
39 48 0.393045272825
39 49 0.0800470900503
40 41 0.638335341115
40 42 0.22802275141
40 43 0.734738196361
40 44 0.0405488990099
40 45 0.231400982389
40 46 0.510390157003
40 47 0.917546080858
40 48 0.4841093104
40 49 0.171111127625
41 42 0.410312589705
41 43 0.0964028552458
41 44 0.597786442105
41 45 0.406934358726
41 46 0.127945184112
41 47 0.279210739743
41 48 0.154226030715
41 49 0.46722421349
42 43 0.506715444951
42 44 0.1874738524
42 45 0.00337823097889
42 46 0.282367405593
42 47 0.689523329448
42 48 0.25608655899
42 49 0.0569116237845
43 44 0.694189297351
43 45 0.503337213972
43 46 0.224348039358
43 47 0.182807884497
43 48 0.250628885961
43 49 0.563627068735
44 45 0.190852083379
44 46 0.469841257993
44 47 0.876997181848
44 48 0.44356041139
44 49 0.130562228615
45 46 0.278989174614
45 47 0.686145098469
45 48 0.252708328011
45 49 0.0602898547634
46 47 0.407155923855
46 48 0.0262808466028
46 49 0.339279029378
47 48 0.433436770457
47 49 0.746434953232
48 49 0.312998182775
