0 1 0.0563681528199
0 2 0.0602417175030
0 3 0.0118781505884
0 4 0.0192216794185
0 5 0.0105988308075
0 6 0.0345207927200
0 7 0.0109715217767
0 8 0.0363034769108
0 9 0.0172206914699
0 10 0.0027091163697
0 11 0.0115786258143
0 12 0.0021381171322
0 13 0.0005833192490
0 14 0.0097807733319
0 15 0.0046916845355
0 16 0.0184870698974
0 17 0.0146924313106
0 18 0.0238758981444
0 19 0.0455615877187
0 20 0.0477059228588
0 21 0.0170846467117
0 22 0.0459335361430
0 23 0.0482727286077
0 24 0.0458368151798
0 25 0.0572500457877
0 26 0.0164186549110
0 27 0.0227848502896
0 28 0.0556334376283
0 29 0.0382725661161
0 30 0.0040729808448
0 31 0.0420871641674
0 32 0.0189827036998
0 33 0.0360237379307
0 34 0.0300219087956
0 35 0.0159808812553
0 36 0.0018026810519
0 37 0.0029609171112
0 38 0.0043279935728
0 39 0.0012483289733
0 40 0.0052192707710
0 41 0.0029735178974
0 42 0.0366793566993
0 43 0.0324713384350
0 44 0.0118629676869
0 45 0.0404025049201
0 46 0.0579450052383
0 47 0.0555011531112
0 48 0.0064407656270
0 49 0.0326111018271
1 2 0.0038735646831
1 3 0.0444900022315
1 4 0.0371464734014
1 5 0.0457693220125
1 6 0.0218473600999
1 7 0.0453966310432
1 8 0.0200646759091
1 9 0.0391474613500
1 10 0.0536590364502
1 11 0.0447895270056
1 12 0.0542300356877
1 13 0.0569514720689
1 14 0.0661489261518
1 15 0.0610598373554
1 16 0.0748552227173
1 17 0.0710605841305
1 18 0.0802440509643
1 19 0.1019297405386
1 20 0.1040740756787
1 21 0.0734527995316
1 22 0.1023016889629
1 23 0.1046408814276
1 24 0.1022049679997
1 25 0.1136181986076
1 26 0.0727868077309
1 27 0.0791530031095
1 28 0.1120015904482
1 29 0.0946407189360
1 30 0.0604411336647
1 31 0.0984553169873
1 32 0.0753508565197
1 33 0.0923918907506
1 34 0.0863900616155
1 35 0.0723490340752
1 36 0.0581708338718
1 37 0.0593290699311
1 38 0.0520401592471
1 39 0.0551198238466
1 40 0.0511488820489
1 41 0.0533946349225
1 42 0.0196887961206
1 43 0.0238968143849
1 44 0.0445051851330
1 45 0.0159656478998
1 46 0.0015768524184
1 47 0.0008669997087
1 48 0.0499273871929
1 49 0.0237570509928
2 3 0.0483635669147
2 4 0.0410200380845
2 5 0.0496428866956
2 6 0.0257209247830
2 7 0.0492701957263
2 8 0.0239382405922
2 9 0.0430210260331
2 10 0.0575326011333
2 11 0.0486630916887
2 12 0.0581036003708
2 13 0.0608250367521
2 14 0.0700224908349
2 15 0.0649334020385
2 16 0.0787287874004
2 17 0.0749341488136
2 18 0.0841176156474
2 19 0.1058033052217
2 20 0.1079476403618
2 21 0.0773263642147
2 22 0.1061752536460
2 23 0.1085144461107
2 24 0.1060785326828
2 25 0.1174917632907
2 26 0.0766603724140
2 27 0.0830265677926
2 28 0.1158751551313
2 29 0.0985142836191
2 30 0.0643146983478
2 31 0.1023288816704
2 32 0.0792244212028
2 33 0.0962654554337
2 34 0.0902636262986
2 35 0.0762225987583
2 36 0.0620443985549
2 37 0.0632026346142
2 38 0.0559137239302
2 39 0.0589933885297
2 40 0.0550224467320
2 41 0.0572681996056
2 42 0.0235623608037
2 43 0.0277703790680
2 44 0.0483787498161
2 45 0.0198392125829
2 46 0.0022967122647
2 47 0.0047405643918
2 48 0.0538009518760
2 49 0.0276306156759
3 4 0.0073435288302
3 5 0.0012793197809
3 6 0.0226426421316
3 7 0.0009066288116
3 8 0.0244253263225
3 9 0.0053425408816
3 10 0.0091690342186
3 11 0.0002995247740
3 12 0.0097400334562
3 13 0.0124614698374
3 14 0.0216589239202
3 15 0.0165698351238
3 16 0.0303652204858
3 17 0.0265705818989
3 18 0.0357540487328
3 19 0.0574397383071
3 20 0.0595840734471
3 21 0.0289627973001
3 22 0.0578116867314
3 23 0.0601508791960
3 24 0.0577149657681
3 25 0.0691281963761
3 26 0.0282968054994
3 27 0.0346630008780
3 28 0.0675115882167
3 29 0.0501507167044
3 30 0.0159511314332
3 31 0.0539653147557
3 32 0.0308608542882
3 33 0.0479018885191
3 34 0.0419000593840
3 35 0.0278590318437
3 36 0.0136808316403
3 37 0.0148390676996
3 38 0.0075501570156
3 39 0.0106298216151
3 40 0.0066588798173
3 41 0.0089046326910
3 42 0.0248012061110
3 43 0.0205931878466
3 44 0.0000151829015
3 45 0.0285243543318
3 46 0.0460668546499
3 47 0.0436230025228
3 48 0.0054373849613
3 49 0.0207329512387
4 5 0.0086228486111
4 6 0.0152991133014
4 7 0.0082501576418
4 8 0.0170817974923
4 9 0.0020009879486
4 10 0.0165125630488
4 11 0.0076430536042
4 12 0.0170835622863
4 13 0.0198049986676
4 14 0.0290024527504
4 15 0.0239133639540
4 16 0.0377087493159
4 17 0.0339141107291
4 18 0.0430975775630
4 19 0.0647832671372
4 20 0.0669276022773
4 21 0.0363063261303
4 22 0.0651552155616
4 23 0.0674944080262
4 24 0.0650584945983
4 25 0.0764717252062
4 26 0.0356403343295
4 27 0.0420065297081
4 28 0.0748551170469
4 29 0.0574942455346
4 30 0.0232946602634
4 31 0.0613088435859
4 32 0.0382043831184
4 33 0.0552454173492
4 34 0.0492435882142
4 35 0.0352025606738
4 36 0.0210243604704
4 37 0.0221825965297
4 38 0.0148936858457
4 39 0.0179733504453
4 40 0.0140024086475
4 41 0.0162481615212
4 42 0.0174576772808
4 43 0.0132496590165
4 44 0.0073587117316
4 45 0.0211808255016
4 46 0.0387233258198
4 47 0.0362794736927
4 48 0.0127809137915
4 49 0.0133894224085
5 6 0.0239219619125
5 7 0.0003726909693
5 8 0.0257046461034
5 9 0.0066218606625
5 10 0.0078897144377
5 11 0.0009797950069
5 12 0.0084607136752
5 13 0.0111821500565
5 14 0.0203796041393
5 15 0.0152905153429
5 16 0.0290859007049
5 17 0.0252912621180
5 18 0.0344747289519
5 19 0.0561604185262
5 20 0.0583047536662
5 21 0.0276834775192
5 22 0.0565323669505
5 23 0.0588715594151
5 24 0.0564356459872
5 25 0.0678488765952
5 26 0.0270174857185
5 27 0.0333836810971
5 28 0.0662322684358
5 29 0.0488713969235
5 30 0.0146718116523
5 31 0.0526859949748
5 32 0.0295815345073
5 33 0.0466225687382
5 34 0.0406207396031
5 35 0.0265797120628
5 36 0.0124015118594
5 37 0.0135597479187
5 38 0.0062708372346
5 39 0.0093505018342
5 40 0.0053795600364
5 41 0.0076253129101
5 42 0.0260805258919
5 43 0.0218725076275
5 44 0.0012641368794
5 45 0.0298036741127
5 46 0.0473461744308
5 47 0.0449023223037
5 48 0.0041580651804
5 49 0.0220122710196
6 7 0.0235492709433
6 8 0.0017826841909
6 9 0.0173001012500
6 10 0.0318116763503
6 11 0.0229421669057
6 12 0.0323826755878
6 13 0.0351041119690
6 14 0.0443015660519
6 15 0.0392124772555
6 16 0.0530078626174
6 17 0.0492132240305
6 18 0.0583966908644
6 19 0.0800823804387
6 20 0.0822267155787
6 21 0.0516054394317
6 22 0.0804543288630
6 23 0.0827935213276
6 24 0.0803576078998
6 25 0.0917708385077
6 26 0.0509394476310
6 27 0.0573056430096
6 28 0.0901542303483
6 29 0.0727933588360
6 30 0.0385937735648
6 31 0.0766079568874
6 32 0.0535034964198
6 33 0.0705445306507
6 34 0.0645427015156
6 35 0.0505016739753
6 36 0.0363234737719
6 37 0.0374817098312
6 38 0.0301927991472
6 39 0.0332724637467
6 40 0.0293015219489
6 41 0.0315472748226
6 42 0.0021585639793
6 43 0.0020494542850
6 44 0.0226578250331
6 45 0.0058817122001
6 46 0.0234242125183
6 47 0.0209803603912
6 48 0.0280800270929
6 49 0.0019096908929
7 8 0.0253319551341
7 9 0.0062491696932
7 10 0.0082624054070
7 11 0.0006071040376
7 12 0.0088334046445
7 13 0.0115548410258
7 14 0.0207522951086
7 15 0.0156632063122
7 16 0.0294585916741
7 17 0.0256639530873
7 18 0.0348474199211
7 19 0.0565331094954
7 20 0.0586774446355
7 21 0.0280561684885
7 22 0.0569050579197
7 23 0.0592442503844
7 24 0.0568083369565
7 25 0.0682215675644
7 26 0.0273901766877
7 27 0.0337563720663
7 28 0.0666049594050
7 29 0.0492440878928
7 30 0.0150445026215
7 31 0.0530586859441
7 32 0.0299542254765
7 33 0.0469952597074
7 34 0.0409934305723
7 35 0.0269524030320
7 36 0.0127742028286
7 37 0.0139324388879
7 38 0.0066435282039
7 39 0.0097231928034
7 40 0.0057522510057
7 41 0.0079980038794
7 42 0.0257078349226
7 43 0.0214998166583
7 44 0.0008914459102
7 45 0.0294309831434
7 46 0.0469734834616
7 47 0.0445296313345
7 48 0.0045307561497
7 49 0.0216395800504
8 9 0.0190827854409
8 10 0.0335943605411
8 11 0.0247248510965
8 12 0.0341653597786
8 13 0.0368867961599
8 14 0.0460842502427
8 15 0.0409951614463
8 16 0.0547905468083
8 17 0.0509959082214
8 18 0.0601793750553
8 19 0.0818650646296
8 20 0.0840093997696
8 21 0.0533881236226
8 22 0.0822370130539
8 23 0.0845762055185
8 24 0.0821402920906
8 25 0.0935535226986
8 26 0.0527221318218
8 27 0.0590883272005
8 28 0.0919369145392
8 29 0.0745760430269
8 30 0.0403764577557
8 31 0.0783906410782
8 32 0.0552861806107
8 33 0.0723272148416
8 34 0.0663253857065
8 35 0.0522843581662
8 36 0.0381061579628
8 37 0.0392643940221
8 38 0.0319754833380
8 39 0.0350551479376
8 40 0.0310842061398
8 41 0.0333299590135
8 42 0.0003758797885
8 43 0.0038321384758
8 44 0.0244405092240
8 45 0.0040990280093
8 46 0.0216415283274
8 47 0.0191976762003
8 48 0.0298627112838
8 49 0.0036923750838
9 10 0.0145115751002
9 11 0.0056420656556
9 12 0.0150825743377
9 13 0.0178040107190
9 14 0.0270014648018
9 15 0.0219123760054
9 16 0.0357077613673
9 17 0.0319131227805
9 18 0.0410965896144
9 19 0.0627822791886
9 20 0.0649266143287
9 21 0.0343053381817
9 22 0.0631542276130
9 23 0.0654934200776
9 24 0.0630575066497
9 25 0.0744707372576
9 26 0.0336393463809
9 27 0.0400055417595
9 28 0.0728541290983
9 29 0.0554932575860
9 30 0.0212936723148
9 31 0.0593078556373
9 32 0.0362033951698
9 33 0.0532444294006
9 34 0.0472426002656
9 35 0.0332015727252
9 36 0.0190233725219
9 37 0.0201816085811
9 38 0.0128926978971
9 39 0.0159723624967
9 40 0.0120014206989
9 41 0.0142471735726
9 42 0.0194586652294
9 43 0.0152506469651
9 44 0.0053577237830
9 45 0.0231818134502
9 46 0.0407243137684
9 47 0.0382804616412
9 48 0.0107799258429
9 49 0.0153904103571
10 11 0.0088695094446
10 12 0.0005709992375
10 13 0.0032924356188
10 14 0.0124898897016
10 15 0.0074008009052
10 16 0.0211961862671
10 17 0.0174015476803
10 18 0.0265850145141
10 19 0.0482707040884
10 20 0.0504150392285
10 21 0.0197937630815
10 22 0.0486426525127
10 23 0.0509818449774
10 24 0.0485459315495
10 25 0.0599591621574
10 26 0.0191277712807
10 27 0.0254939666593
10 28 0.0583425539980
10 29 0.0409816824858
10 30 0.0067820972145
10 31 0.0447962805371
10 32 0.0216918200695
10 33 0.0387328543004
10 34 0.0327310251653
10 35 0.0186899976250
10 36 0.0045117974216
10 37 0.0056700334809
10 38 0.0016188772031
10 39 0.0014607873964
10 40 0.0025101544013
10 41 0.0002644015276
10 42 0.0339702403296
10 43 0.0297622220653
10 44 0.0091538513172
10 45 0.0376933885504
10 46 0.0552358888686
10 47 0.0527920367415
10 48 0.0037316492573
10 49 0.0299019854574
11 12 0.0094405086821
11 13 0.0121619450634
11 14 0.0213593991462
11 15 0.0162703103498
11 16 0.0300656957117
11 17 0.0262710571249
11 18 0.0354545239587
11 19 0.0571402135330
11 20 0.0592845486731
11 21 0.0286632725261
11 22 0.0575121619573
11 23 0.0598513544220
11 24 0.0574154409941
11 25 0.0688286716020
11 26 0.0279972807253
11 27 0.0343634761039
11 28 0.0672120634426
11 29 0.0498511919304
11 30 0.0156516066591
11 31 0.0536657899817
11 32 0.0305613295141
11 33 0.0476023637450
11 34 0.0416005346099
11 35 0.0275595070696
11 36 0.0133813068662
11 37 0.0145395429255
11 38 0.0072506322415
11 39 0.0103302968410
11 40 0.0063593550433
11 41 0.0086051079170
11 42 0.0251007308850
11 43 0.0208927126207
11 44 0.0002843418726
11 45 0.0288238791058
11 46 0.0463663794240
11 47 0.0439225272969
11 48 0.0051378601873
11 49 0.0210324760128
12 13 0.0027214363812
12 14 0.0119188904641
12 15 0.0068298016677
12 16 0.0206251870296
12 17 0.0168305484428
12 18 0.0260140152766
12 19 0.0476997048509
12 20 0.0498440399910
12 21 0.0192227638439
12 22 0.0480716532752
12 23 0.0504108457399
12 24 0.0479749323120
12 25 0.0593881629199
12 26 0.0185567720432
12 27 0.0249229674218
12 28 0.0577715547605
12 29 0.0404106832483
12 30 0.0062110979770
12 31 0.0442252812996
12 32 0.0211208208320
12 33 0.0381618550629
12 34 0.0321600259278
12 35 0.0181189983875
12 36 0.0039407981841
12 37 0.0050990342434
12 38 0.0021898764406
12 39 0.0008897881589
12 40 0.0030811536388
12 41 0.0008354007652
12 42 0.0345412395671
12 43 0.0303332213028
12 44 0.0097248505547
12 45 0.0382643877879
12 46 0.0558068881061
12 47 0.0533630359790
12 48 0.0043026484948
12 49 0.0304729846949
13 14 0.0091974540828
13 15 0.0041083652864
13 16 0.0179037506484
13 17 0.0141091120615
13 18 0.0232925788954
13 19 0.0449782684697
13 20 0.0471226036097
13 21 0.0165013274627
13 22 0.0453502168940
13 23 0.0476894093586
13 24 0.0452534959307
13 25 0.0566667265387
13 26 0.0158353356620
13 27 0.0222015310406
13 28 0.0550501183793
13 29 0.0376892468670
13 30 0.0034896615958
13 31 0.0415038449183
13 32 0.0183993844508
13 33 0.0354404186817
13 34 0.0294385895466
13 35 0.0153975620063
13 36 0.0012193618029
13 37 0.0023775978622
13 38 0.0049113128219
13 39 0.0018316482223
13 40 0.0058025900201
13 41 0.0035568371464
13 42 0.0372626759484
13 43 0.0330546576840
13 44 0.0124462869359
13 45 0.0409858241692
13 46 0.0585283244873
13 47 0.0560844723602
13 48 0.0070240848761
13 49 0.0331944210761
14 15 0.0050890887964
14 16 0.0087062965655
14 17 0.0049116579787
14 18 0.0140951248125
14 19 0.0357808143868
14 20 0.0379251495269
14 21 0.0073038733799
14 22 0.0361527628111
14 23 0.0384919552758
14 24 0.0360560418479
14 25 0.0474692724558
14 26 0.0066378815791
14 27 0.0130040769577
14 28 0.0458526642964
14 29 0.0284917927842
14 30 0.0057077924871
14 31 0.0323063908355
14 32 0.0092019303679
14 33 0.0262429645988
14 34 0.0202411354637
14 35 0.0062001079234
14 36 0.0079780922800
14 37 0.0068198562207
14 38 0.0141087669047
14 39 0.0110291023052
14 40 0.0150000441029
14 41 0.0127542912292
14 42 0.0464601300312
14 43 0.0422521117669
14 44 0.0216437410188
14 45 0.0501832782520
14 46 0.0677257785702
14 47 0.0652819264431
14 48 0.0162215389589
14 49 0.0423918751590
15 16 0.0137953853619
15 17 0.0100007467751
15 18 0.0191842136090
15 19 0.0408699031832
15 20 0.0430142383233
15 21 0.0123929621763
15 22 0.0412418516076
15 23 0.0435810440722
15 24 0.0411451306443
15 25 0.0525583612522
15 26 0.0117269703755
15 27 0.0180931657541
15 28 0.0509417530929
15 29 0.0335808815806
15 30 0.0006187036907
15 31 0.0373954796319
15 32 0.0142910191644
15 33 0.0313320533952
15 34 0.0253302242602
15 35 0.0112891967198
15 36 0.0028890034836
15 37 0.0017307674243
15 38 0.0090196781083
15 39 0.0059400135088
15 40 0.0099109553065
15 41 0.0076652024328
15 42 0.0413710412348
15 43 0.0371630229705
15 44 0.0165546522224
15 45 0.0450941894556
15 46 0.0626366897738
15 47 0.0601928376467
15 48 0.0111324501625
15 49 0.0373027863626
16 17 0.0037946385868
16 18 0.0053888282470
16 19 0.0270745178213
16 20 0.0292188529613
16 21 0.0014024231857
16 22 0.0274464662456
16 23 0.0297856587103
16 24 0.0273497452824
16 25 0.0387629758903
16 26 0.0020684149864
16 27 0.0042977803922
16 28 0.0371463677309
16 29 0.0197854962186
16 30 0.0144140890526
16 31 0.0236000942700
16 32 0.0004956338024
16 33 0.0175366680333
16 34 0.0115348388982
16 35 0.0025061886421
16 36 0.0166843888455
16 37 0.0155261527862
16 38 0.0228150634702
16 39 0.0197353988707
16 40 0.0237063406684
16 41 0.0214605877948
16 42 0.0551664265967
16 43 0.0509584083324
16 44 0.0303500375843
16 45 0.0588895748175
16 46 0.0764320751357
16 47 0.0739882230086
16 48 0.0249278355245
16 49 0.0510981717245
17 18 0.0091834668339
17 19 0.0308691564081
17 20 0.0330134915482
17 21 0.0023922154012
17 22 0.0312411048325
17 23 0.0335802972971
17 24 0.0311443838692
17 25 0.0425576144771
17 26 0.0017262236004
17 27 0.0080924189790
17 28 0.0409410063178
17 29 0.0235801348055
17 30 0.0106194504657
17 31 0.0273947328568
17 32 0.0042902723893
17 33 0.0213313066201
17 34 0.0153294774851
17 35 0.0012884499447
17 36 0.0128897502587
17 37 0.0117315141994
17 38 0.0190204248834
17 39 0.0159407602838
17 40 0.0199117020816
17 41 0.0176659492079
17 42 0.0513717880099
17 43 0.0471637697456
17 44 0.0265553989975
17 45 0.0550949362307
17 46 0.0726374365489
17 47 0.0701935844218
17 48 0.0211331969376
17 49 0.0473035331376
18 19 0.0216856895743
18 20 0.0238300247143
18 21 0.0067912514327
18 22 0.0220576379986
18 23 0.0243968304632
18 24 0.0219609170354
18 25 0.0333741476433
18 26 0.0074572432334
18 27 0.0010910478548
18 28 0.0317575394839
18 29 0.0143966679716
18 30 0.0198029172996
18 31 0.0182112660230
18 32 0.0048931944446
18 33 0.0121478397863
18 34 0.0061460106512
18 35 0.0078950168891
18 36 0.0220732170925
18 37 0.0209149810332
18 38 0.0282038917172
18 39 0.0251242271177
18 40 0.0290951689155
18 41 0.0268494160418
18 42 0.0605552548438
18 43 0.0563472365794
18 44 0.0357388658313
18 45 0.0642784030646
18 46 0.0818209033827
18 47 0.0793770512556
18 48 0.0303166637715
18 49 0.0564869999715
19 20 0.0021443351400
19 21 0.0284769410070
19 22 0.0003719484243
19 23 0.0027111408890
19 24 0.0002752274611
19 25 0.0116884580690
19 26 0.0291429328077
19 27 0.0227767374291
19 28 0.0100718499096
19 29 0.0072890216027
19 30 0.0414886068739
19 31 0.0034744235513
19 32 0.0265788840189
19 33 0.0095378497880
19 34 0.0155396789231
19 35 0.0295807064634
19 36 0.0437589066668
19 37 0.0426006706075
19 38 0.0498895812915
19 39 0.0468099166920
19 40 0.0507808584897
19 41 0.0485351056161
19 42 0.0822409444180
19 43 0.0780329261537
19 44 0.0574245554056
19 45 0.0859640926388
19 46 0.1035065929570
19 47 0.1010627408299
19 48 0.0520023533458
19 49 0.0781726895458
20 21 0.0306212761470
20 22 0.0017723867157
20 23 0.0005668057489
20 24 0.0018691076790
20 25 0.0095441229290
20 26 0.0312872679478
20 27 0.0249210725691
20 28 0.0079275147696
20 29 0.0094333567427
20 30 0.0436329420139
20 31 0.0056187586914
20 32 0.0287232191589
20 33 0.0116821849280
20 34 0.0176840140631
20 35 0.0317250416034
20 36 0.0459032418068
20 37 0.0447450057475
20 38 0.0520339164316
20 39 0.0489542518320
20 40 0.0529251936298
20 41 0.0506794407561
20 42 0.0843852795581
20 43 0.0801772612938
20 44 0.0595688905456
20 45 0.0881084277789
20 46 0.1056509280970
20 47 0.1032070759699
20 48 0.0541466884858
20 49 0.0803170246858
21 22 0.0288488894313
21 23 0.0311880818959
21 24 0.0287521684680
21 25 0.0401653990760
21 26 0.0006659918007
21 27 0.0057002035779
21 28 0.0385487909166
21 29 0.0211879194043
21 30 0.0130116658669
21 31 0.0250025174556
21 32 0.0018980569881
21 33 0.0189390912190
21 34 0.0129372620839
21 35 0.0011037654564
21 36 0.0152819656598
21 37 0.0141237296005
21 38 0.0214126402845
21 39 0.0183329756850
21 40 0.0223039174828
21 41 0.0200581646091
21 42 0.0537640034111
21 43 0.0495559851467
21 44 0.0289476143986
21 45 0.0574871516319
21 46 0.0750296519500
21 47 0.0725857998229
21 48 0.0235254123388
21 49 0.0496957485388
22 23 0.0023391924646
22 24 0.0000967209632
22 25 0.0113165096447
22 26 0.0295148812320
22 27 0.0231486858534
22 28 0.0096999014853
22 29 0.0076609700270
22 30 0.0418605552982
22 31 0.0038463719756
22 32 0.0269508324432
22 33 0.0099097982123
22 34 0.0159116273474
22 35 0.0299526548877
22 36 0.0441308550911
22 37 0.0429726190318
22 38 0.0502615297158
22 39 0.0471818651163
22 40 0.0511528069141
22 41 0.0489070540404
22 42 0.0826128928423
22 43 0.0784048745780
22 44 0.0577965038299
22 45 0.0863360410632
22 46 0.1038785413813
22 47 0.1014346892542
22 48 0.0523743017701
22 49 0.0785446379701
23 24 0.0024359134279
23 25 0.0089773171800
23 26 0.0318540736967
23 27 0.0254878783181
23 28 0.0073607090207
23 29 0.0100001624916
23 30 0.0441997477629
23 31 0.0061855644403
23 32 0.0292900249078
23 33 0.0122489906770
23 34 0.0182508198120
23 35 0.0322918473524
23 36 0.0464700475558
23 37 0.0453118114965
23 38 0.0526007221805
23 39 0.0495210575810
23 40 0.0534919993787
23 41 0.0512462465050
23 42 0.0849520853070
23 43 0.0807440670427
23 44 0.0601356962946
23 45 0.0886752335278
23 46 0.1062177338460
23 47 0.1037738817189
23 48 0.0547134942347
23 49 0.0808838304347
24 25 0.0114132306079
24 26 0.0294181602688
24 27 0.0230519648902
24 28 0.0097966224485
24 29 0.0075642490637
24 30 0.0417638343350
24 31 0.0037496510124
24 32 0.0268541114800
24 33 0.0098130772491
24 34 0.0158149063842
24 35 0.0298559339245
24 36 0.0440341341279
24 37 0.0428758980686
24 38 0.0501648087526
24 39 0.0470851441531
24 40 0.0510560859508
24 41 0.0488103330771
24 42 0.0825161718791
24 43 0.0783081536148
24 44 0.0576997828667
24 45 0.0862393200999
24 46 0.1037818204181
24 47 0.1013379682910
24 48 0.0522775808068
24 49 0.0784479170069
25 26 0.0408313908767
25 27 0.0344651954981
25 28 0.0016166081594
25 29 0.0189774796717
25 30 0.0531770649429
25 31 0.0151628816203
25 32 0.0382673420879
25 33 0.0212263078570
25 34 0.0272281369921
25 35 0.0412691645324
25 36 0.0554473647358
25 37 0.0542891286765
25 38 0.0615780393605
25 39 0.0584983747610
25 40 0.0624693165587
25 41 0.0602235636851
25 42 0.0939294024870
25 43 0.0897213842227
25 44 0.0691130134746
25 45 0.0976525507078
25 46 0.1151950510260
25 47 0.1127511988989
25 48 0.0636908114148
25 49 0.0898611476148
26 27 0.0063661953786
26 28 0.0392147827173
26 29 0.0218539112051
26 30 0.0123456740662
26 31 0.0256685092564
26 32 0.0025640487888
26 33 0.0196050830197
26 34 0.0136032538846
26 35 0.0004377736557
26 36 0.0146159738591
26 37 0.0134577377998
26 38 0.0207466484838
26 39 0.0176669838843
26 40 0.0216379256820
26 41 0.0193921728084
26 42 0.0530980116103
26 43 0.0488899933460
26 44 0.0282816225979
26 45 0.0568211598311
26 46 0.0743636601493
26 47 0.0719198080222
26 48 0.0228594205380
26 49 0.0490297567381
27 28 0.0328485873387
27 29 0.0154877158264
27 30 0.0187118694448
27 31 0.0193023138778
27 32 0.0038021465898
27 33 0.0132388876411
27 34 0.0072370585060
27 35 0.0068039690343
27 36 0.0209821692377
27 37 0.0198239331784
27 38 0.0271128438624
27 39 0.0240331792629
27 40 0.0280041210606
27 41 0.0257583681870
27 42 0.0594642069889
27 43 0.0552561887246
27 44 0.0346478179765
27 45 0.0631873552097
27 46 0.0807298555279
27 47 0.0782860034008
27 48 0.0292256159167
27 49 0.0553959521167
28 29 0.0173608715123
28 30 0.0515604567835
28 31 0.0135462734609
28 32 0.0366507339285
28 33 0.0196096996976
28 34 0.0256115288327
28 35 0.0396525563730
28 36 0.0538307565764
28 37 0.0526725205171
28 38 0.0599614312011
28 39 0.0568817666016
28 40 0.0608527083994
28 41 0.0586069555257
28 42 0.0923127943277
28 43 0.0881047760633
28 44 0.0674964053152
28 45 0.0960359425485
28 46 0.1135784428666
28 47 0.1111345907395
28 48 0.0620742032554
28 49 0.0882445394554
29 30 0.0341995852712
29 31 0.0038145980513
29 32 0.0192898624162
29 33 0.0022488281853
29 34 0.0082506573204
29 35 0.0222916848607
29 36 0.0364698850641
29 37 0.0353116490048
29 38 0.0426005596889
29 39 0.0395208950893
29 40 0.0434918368871
29 41 0.0412460840134
29 42 0.0749519228154
29 43 0.0707439045511
29 44 0.0501355338029
29 45 0.0786750710362
29 46 0.0962175713543
29 47 0.0937737192272
29 48 0.0447133317431
29 49 0.0708836679431
30 31 0.0380141833226
30 32 0.0149097228550
30 33 0.0319507570859
30 34 0.0259489279508
30 35 0.0119079004105
30 36 0.0022702997929
30 37 0.0011120637336
30 38 0.0084009744176
30 39 0.0053213098181
30 40 0.0092922516158
30 41 0.0070464987422
30 42 0.0407523375441
30 43 0.0365443192798
30 44 0.0159359485317
30 45 0.0444754857649
30 46 0.0620179860831
30 47 0.0595741339560
30 48 0.0105137464719
30 49 0.0366840826719
31 32 0.0231044604676
31 33 0.0060634262367
31 34 0.0120652553718
31 35 0.0261062829121
31 36 0.0402844831155
31 37 0.0391262470562
31 38 0.0464151577402
31 39 0.0433354931407
31 40 0.0473064349384
31 41 0.0450606820647
31 42 0.0787665208667
31 43 0.0745585026024
31 44 0.0539501318543
31 45 0.0824896690875
31 46 0.1000321694057
31 47 0.0975883172786
31 48 0.0485279297944
31 49 0.0746982659945
32 33 0.0170410342309
32 34 0.0110392050958
32 35 0.0030018224445
32 36 0.0171800226479
32 37 0.0160217865886
32 38 0.0233106972726
32 39 0.0202310326731
32 40 0.0242019744709
32 41 0.0219562215972
32 42 0.0556620603991
32 43 0.0514540421348
32 44 0.0308456713867
32 45 0.0593852086199
32 46 0.0769277089381
32 47 0.0744838568110
32 48 0.0254234693269
32 49 0.0515938055269
33 34 0.0060018291351
33 35 0.0200428566754
33 36 0.0342210568788
33 37 0.0330628208195
33 38 0.0403517315035
33 39 0.0372720669040
33 40 0.0412430087017
33 41 0.0389972558281
33 42 0.0727030946300
33 43 0.0684950763657
33 44 0.0478867056176
33 45 0.0764262428508
33 46 0.0939687431690
33 47 0.0915248910419
33 48 0.0424645035578
33 49 0.0686348397578
34 35 0.0140410275403
34 36 0.0282192277437
34 37 0.0270609916844
34 38 0.0343499023684
34 39 0.0312702377689
34 40 0.0352411795667
34 41 0.0329954266930
34 42 0.0667012654949
34 43 0.0624932472306
34 44 0.0418848764825
34 45 0.0704244137158
34 46 0.0879669140339
34 47 0.0855230619068
34 48 0.0364626744227
34 49 0.0626330106227
35 36 0.0141782002034
35 37 0.0130199641441
35 38 0.0203088748281
35 39 0.0172292102286
35 40 0.0212001520263
35 41 0.0189543991527
35 42 0.0526602379546
35 43 0.0484522196903
35 44 0.0278438489422
35 45 0.0563833861754
35 46 0.0739258864936
35 47 0.0714820343665
35 48 0.0224216468824
35 49 0.0485919830824
36 37 0.0011582360593
36 38 0.0061306746247
36 39 0.0030510100252
36 40 0.0070219518229
36 41 0.0047761989493
36 42 0.0384820377512
36 43 0.0342740194869
36 44 0.0136656487388
36 45 0.0422051859720
36 46 0.0597476862902
36 47 0.0573038341631
36 48 0.0082434466790
36 49 0.0344137828790
37 38 0.0072889106840
37 39 0.0042092460845
37 40 0.0081801878822
37 41 0.0059344350086
37 42 0.0396402738105
37 43 0.0354322555462
37 44 0.0148238847981
37 45 0.0433634220313
37 46 0.0609059223495
37 47 0.0584620702224
37 48 0.0094016827383
37 49 0.0355720189383
38 39 0.0030796645995
38 40 0.0008912771982
38 41 0.0013544756754
38 42 0.0323513631265
38 43 0.0281433448622
38 44 0.0075349741141
38 45 0.0360745113473
38 46 0.0536170116655
38 47 0.0511731595384
38 48 0.0021127720542
38 49 0.0282831082543
39 40 0.0039709417977
39 41 0.0017251889241
39 42 0.0354310277260
39 43 0.0312230094617
39 44 0.0106146387136
39 45 0.0391541759468
39 46 0.0566966762650
39 47 0.0542528241379
39 48 0.0051924366538
39 49 0.0313627728538
40 41 0.0022457528737
40 42 0.0314600859283
40 43 0.0272520676640
40 44 0.0066436969159
40 45 0.0351832341491
40 46 0.0527257344673
40 47 0.0502818823402
40 48 0.0012214948560
40 49 0.0273918310561
41 42 0.0337058388020
41 43 0.0294978205376
41 44 0.0088894497895
41 45 0.0374289870228
41 46 0.0549714873409
41 47 0.0525276352138
41 48 0.0034672477297
41 49 0.0296375839297
42 43 0.0042080182643
42 44 0.0248163890124
42 45 0.0037231482208
42 46 0.0212656485390
42 47 0.0188217964119
42 48 0.0302385910723
42 49 0.0040682548722
43 44 0.0206083707481
43 45 0.0079311664851
43 46 0.0254736668033
43 47 0.0230298146762
43 48 0.0260305728080
43 49 0.0001397633921
44 45 0.0285395372332
44 46 0.0460820375514
44 47 0.0436381854243
44 48 0.0054222020598
44 49 0.0207481341402
45 46 0.0175425003182
45 47 0.0150986481911
45 48 0.0339617392931
45 49 0.0077914030930
46 47 0.0024438521271
46 48 0.0515042396113
46 49 0.0253339034112
47 48 0.0490603874841
47 49 0.0228900512841
48 49 0.0261703362000
