0 1 0,0101010101
0 2 0,0204081633
0 3 0,0309278351
0 4 0,0416666667
0 5 0,0526315789
0 6 0,0638297872
0 7 0,0752688172
0 8 0,0869565217
0 9 0,0989010989
0 10 0,1111111111
0 11 0,1235955056
0 12 0,1363636364
0 13 0,1494252874
0 14 0,1627906977
0 15 0,1764705882
0 16 0,1904761905
0 17 0,2048192771
0 18 0,2195121951
0 19 0,2345679012
0 20 0,25
0 21 0,2658227848
0 22 0,2820512821
0 23 0,2987012987
0 24 0,3157894737
0 25 0,3333333333
0 26 0,3513513514
0 27 0,3698630137
0 28 0,3888888889
0 29 0,4084507042
0 30 0,4285714286
0 31 0,4492753623
0 32 0,4705882353
0 33 0,4925373134
0 34 0,5151515152
0 35 0,5384615385
0 36 0,5625
0 37 0,5873015873
0 38 0,6129032258
0 39 0,6393442623
0 40 0,6666666667
0 41 0,6949152542
0 42 0,724137931
0 43 0,7543859649
0 44 0,7857142857
0 45 0,8181818182
0 46 0,8518518519
0 47 0,8867924528
0 48 0,9230769231
0 49 0,9607843137
1 2 0,0303030303
1 3 0,0408163265
1 4 0,0515463918
1 5 0,0625
1 6 0,0736842105
1 7 0,085106383
1 8 0,0967741935
1 9 0,1086956522
1 10 0,1208791209
1 11 0,1333333333
1 12 0,1460674157
1 13 0,1590909091
1 14 0,1724137931
1 15 0,1860465116
1 16 0,2
1 17 0,2142857143
1 18 0,2289156627
1 19 0,243902439
1 20 0,2592592593
1 21 0,275
1 22 0,2911392405
1 23 0,3076923077
1 24 0,3246753247
1 25 0,3421052632
1 26 0,36
1 27 0,3783783784
1 28 0,397260274
1 29 0,4166666667
1 30 0,4366197183
1 31 0,4571428571
1 32 0,4782608696
1 33 0,5
1 34 0,5223880597
1 35 0,5454545455
1 36 0,5692307692
1 37 0,59375
1 38 0,619047619
1 39 0,6451612903
1 40 0,6721311475
1 41 0,7
1 42 0,7288135593
1 43 0,7586206897
1 44 0,7894736842
1 45 0,8214285714
1 46 0,8545454545
1 47 0,8888888889
1 48 0,9245283019
1 49 0,9615384615
2 3 0,0505050505
2 4 0,0612244898
2 5 0,0721649485
2 6 0,0833333333
2 7 0,0947368421
2 8 0,1063829787
2 9 0,1182795699
2 10 0,1304347826
2 11 0,1428571429
2 12 0,1555555556
2 13 0,1685393258
2 14 0,1818181818
2 15 0,1954022989
2 16 0,2093023256
2 17 0,2235294118
2 18 0,2380952381
2 19 0,2530120482
2 20 0,2682926829
2 21 0,2839506173
2 22 0,3
2 23 0,3164556962
2 24 0,3333333333
2 25 0,3506493506
2 26 0,3684210526
2 27 0,3866666667
2 28 0,4054054054
2 29 0,4246575342
2 30 0,4444444444
2 31 0,4647887324
2 32 0,4857142857
2 33 0,5072463768
2 34 0,5294117647
2 35 0,552238806
2 36 0,5757575758
2 37 0,6
2 38 0,625
2 39 0,6507936508
2 40 0,6774193548
2 41 0,7049180328
2 42 0,7333333333
2 43 0,7627118644
2 44 0,7931034483
2 45 0,8245614035
2 46 0,8571428571
2 47 0,8909090909
2 48 0,9259259259
2 49 0,9622641509
3 4 0,0707070707
3 5 0,0816326531
3 6 0,0927835052
3 7 0,1041666667
3 8 0,1157894737
3 9 0,1276595745
3 10 0,1397849462
3 11 0,152173913
3 12 0,1648351648
3 13 0,1777777778
3 14 0,191011236
3 15 0,2045454545
3 16 0,2183908046
3 17 0,2325581395
3 18 0,2470588235
3 19 0,2619047619
3 20 0,2771084337
3 21 0,2926829268
3 22 0,3086419753
3 23 0,325
3 24 0,3417721519
3 25 0,358974359
3 26 0,3766233766
3 27 0,3947368421
3 28 0,4133333333
3 29 0,4324324324
3 30 0,4520547945
3 31 0,4722222222
3 32 0,4929577465
3 33 0,5142857143
3 34 0,5362318841
3 35 0,5588235294
3 36 0,5820895522
3 37 0,6060606061
3 38 0,6307692308
3 39 0,65625
3 40 0,6825396825
3 41 0,7096774194
3 42 0,737704918
3 43 0,7666666667
3 44 0,7966101695
3 45 0,8275862069
3 46 0,8596491228
3 47 0,8928571429
3 48 0,9272727273
3 49 0,962962963
4 5 0,0909090909
4 6 0,1020408163
4 7 0,1134020619
4 8 0,125
4 9 0,1368421053
4 10 0,1489361702
4 11 0,1612903226
4 12 0,1739130435
4 13 0,1868131868
4 14 0,2
4 15 0,2134831461
4 16 0,2272727273
4 17 0,2413793103
4 18 0,2558139535
4 19 0,2705882353
4 20 0,2857142857
4 21 0,3012048193
4 22 0,3170731707
4 23 0,3333333333
4 24 0,35
4 25 0,3670886076
4 26 0,3846153846
4 27 0,4025974026
4 28 0,4210526316
4 29 0,44
4 30 0,4594594595
4 31 0,4794520548
4 32 0,5
4 33 0,5211267606
4 34 0,5428571429
4 35 0,5652173913
4 36 0,5882352941
4 37 0,6119402985
4 38 0,6363636364
4 39 0,6615384615
4 40 0,6875
4 41 0,7142857143
4 42 0,7419354839
4 43 0,7704918033
4 44 0,8
4 45 0,8305084746
4 46 0,8620689655
4 47 0,8947368421
4 48 0,9285714286
4 49 0,9636363636
5 6 0,1111111111
5 7 0,1224489796
5 8 0,1340206186
5 9 0,1458333333
5 10 0,1578947368
5 11 0,170212766
5 12 0,1827956989
5 13 0,1956521739
5 14 0,2087912088
5 15 0,2222222222
5 16 0,2359550562
5 17 0,25
5 18 0,2643678161
5 19 0,2790697674
5 20 0,2941176471
5 21 0,3095238095
5 22 0,3253012048
5 23 0,3414634146
5 24 0,3580246914
5 25 0,375
5 26 0,3924050633
5 27 0,4102564103
5 28 0,4285714286
5 29 0,4473684211
5 30 0,4666666667
5 31 0,4864864865
5 32 0,5068493151
5 33 0,5277777778
5 34 0,5492957746
5 35 0,5714285714
5 36 0,5942028986
5 37 0,6176470588
5 38 0,6417910448
5 39 0,6666666667
5 40 0,6923076923
5 41 0,71875
5 42 0,746031746
5 43 0,7741935484
5 44 0,8032786885
5 45 0,8333333333
5 46 0,8644067797
5 47 0,8965517241
5 48 0,9298245614
5 49 0,9642857143
6 7 0,1313131313
6 8 0,1428571429
6 9 0,1546391753
6 10 0,1666666667
6 11 0,1789473684
6 12 0,1914893617
6 13 0,2043010753
6 14 0,2173913043
6 15 0,2307692308
6 16 0,2444444444
6 17 0,2584269663
6 18 0,2727272727
6 19 0,2873563218
6 20 0,3023255814
6 21 0,3176470588
6 22 0,3333333333
6 23 0,3493975904
6 24 0,3658536585
6 25 0,3827160494
6 26 0,4
6 27 0,417721519
6 28 0,4358974359
6 29 0,4545454545
6 30 0,4736842105
6 31 0,4933333333
6 32 0,5135135135
6 33 0,5342465753
6 34 0,5555555556
6 35 0,5774647887
6 36 0,6
6 37 0,6231884058
6 38 0,6470588235
6 39 0,671641791
6 40 0,696969697
6 41 0,7230769231
6 42 0,75
6 43 0,7777777778
6 44 0,8064516129
6 45 0,8360655738
6 46 0,8666666667
6 47 0,8983050847
6 48 0,9310344828
6 49 0,9649122807
7 8 0,1515151515
7 9 0,1632653061
7 10 0,175257732
7 11 0,1875
7 12 0,2
7 13 0,2127659574
7 14 0,2258064516
7 15 0,2391304348
7 16 0,2527472527
7 17 0,2666666667
7 18 0,2808988764
7 19 0,2954545455
7 20 0,3103448276
7 21 0,3255813953
7 22 0,3411764706
7 23 0,3571428571
7 24 0,3734939759
7 25 0,3902439024
7 26 0,4074074074
7 27 0,425
7 28 0,4430379747
7 29 0,4615384615
7 30 0,4805194805
7 31 0,5
7 32 0,52
7 33 0,5405405405
7 34 0,5616438356
7 35 0,5833333333
7 36 0,6056338028
7 37 0,6285714286
7 38 0,652173913
7 39 0,6764705882
7 40 0,7014925373
7 41 0,7272727273
7 42 0,7538461538
7 43 0,78125
7 44 0,8095238095
7 45 0,8387096774
7 46 0,868852459
7 47 0,9
7 48 0,9322033898
7 49 0,9655172414
8 9 0,1717171717
8 10 0,1836734694
8 11 0,1958762887
8 12 0,2083333333
8 13 0,2210526316
8 14 0,2340425532
8 15 0,247311828
8 16 0,2608695652
8 17 0,2747252747
8 18 0,2888888889
8 19 0,3033707865
8 20 0,3181818182
8 21 0,3333333333
8 22 0,3488372093
8 23 0,3647058824
8 24 0,380952381
8 25 0,3975903614
8 26 0,4146341463
8 27 0,4320987654
8 28 0,45
8 29 0,4683544304
8 30 0,4871794872
8 31 0,5064935065
8 32 0,5263157895
8 33 0,5466666667
8 34 0,5675675676
8 35 0,5890410959
8 36 0,6111111111
8 37 0,6338028169
8 38 0,6571428571
8 39 0,6811594203
8 40 0,7058823529
8 41 0,7313432836
8 42 0,7575757576
8 43 0,7846153846
8 44 0,8125
8 45 0,8412698413
8 46 0,8709677419
8 47 0,9016393443
8 48 0,9333333333
8 49 0,9661016949
9 10 0,1919191919
9 11 0,2040816327
9 12 0,2164948454
9 13 0,2291666667
9 14 0,2421052632
9 15 0,2553191489
9 16 0,2688172043
9 17 0,2826086957
9 18 0,2967032967
9 19 0,3111111111
9 20 0,3258426966
9 21 0,3409090909
9 22 0,3563218391
9 23 0,3720930233
9 24 0,3882352941
9 25 0,4047619048
9 26 0,421686747
9 27 0,4390243902
9 28 0,4567901235
9 29 0,475
9 30 0,4936708861
9 31 0,5128205128
9 32 0,5324675325
9 33 0,5526315789
9 34 0,5733333333
9 35 0,5945945946
9 36 0,6164383562
9 37 0,6388888889
9 38 0,661971831
9 39 0,6857142857
9 40 0,7101449275
9 41 0,7352941176
9 42 0,7611940299
9 43 0,7878787879
9 44 0,8153846154
9 45 0,84375
9 46 0,873015873
9 47 0,9032258065
9 48 0,9344262295
9 49 0,9666666667
10 11 0,2121212121
10 12 0,2244897959
10 13 0,2371134021
10 14 0,25
10 15 0,2631578947
10 16 0,2765957447
10 17 0,2903225806
10 18 0,3043478261
10 19 0,3186813187
10 20 0,3333333333
10 21 0,3483146067
10 22 0,3636363636
10 23 0,3793103448
10 24 0,3953488372
10 25 0,4117647059
10 26 0,4285714286
10 27 0,4457831325
10 28 0,4634146341
10 29 0,4814814815
10 30 0,5
10 31 0,5189873418
10 32 0,5384615385
10 33 0,5584415584
10 34 0,5789473684
10 35 0,6
10 36 0,6216216216
10 37 0,6438356164
10 38 0,6666666667
10 39 0,6901408451
10 40 0,7142857143
10 41 0,7391304348
10 42 0,7647058824
10 43 0,7910447761
10 44 0,8181818182
10 45 0,8461538462
10 46 0,875
10 47 0,9047619048
10 48 0,935483871
10 49 0,9672131148
11 12 0,2323232323
11 13 0,2448979592
11 14 0,2577319588
11 15 0,2708333333
11 16 0,2842105263
11 17 0,2978723404
11 18 0,311827957
11 19 0,3260869565
11 20 0,3406593407
11 21 0,3555555556
11 22 0,3707865169
11 23 0,3863636364
11 24 0,4022988506
11 25 0,4186046512
11 26 0,4352941176
11 27 0,4523809524
11 28 0,4698795181
11 29 0,487804878
11 30 0,5061728395
11 31 0,525
11 32 0,5443037975
11 33 0,5641025641
11 34 0,5844155844
11 35 0,6052631579
11 36 0,6266666667
11 37 0,6486486486
11 38 0,6712328767
11 39 0,6944444444
11 40 0,7183098592
11 41 0,7428571429
11 42 0,768115942
11 43 0,7941176471
11 44 0,8208955224
11 45 0,8484848485
11 46 0,8769230769
11 47 0,90625
11 48 0,9365079365
11 49 0,9677419355
12 13 0,2525252525
12 14 0,2653061224
12 15 0,2783505155
12 16 0,2916666667
12 17 0,3052631579
12 18 0,3191489362
12 19 0,3333333333
12 20 0,347826087
12 21 0,3626373626
12 22 0,3777777778
12 23 0,393258427
12 24 0,4090909091
12 25 0,4252873563
12 26 0,4418604651
12 27 0,4588235294
12 28 0,4761904762
12 29 0,4939759036
12 30 0,512195122
12 31 0,5308641975
12 32 0,55
12 33 0,5696202532
12 34 0,5897435897
12 35 0,6103896104
12 36 0,6315789474
12 37 0,6533333333
12 38 0,6756756757
12 39 0,698630137
12 40 0,7222222222
12 41 0,7464788732
12 42 0,7714285714
12 43 0,7971014493
12 44 0,8235294118
12 45 0,8507462687
12 46 0,8787878788
12 47 0,9076923077
12 48 0,9375
12 49 0,9682539683
13 14 0,2727272727
13 15 0,2857142857
13 16 0,2989690722
13 17 0,3125
13 18 0,3263157895
13 19 0,3404255319
13 20 0,3548387097
13 21 0,3695652174
13 22 0,3846153846
13 23 0,4
13 24 0,4157303371
13 25 0,4318181818
13 26 0,4482758621
13 27 0,4651162791
13 28 0,4823529412
13 29 0,5
13 30 0,5180722892
13 31 0,5365853659
13 32 0,5555555556
13 33 0,575
13 34 0,5949367089
13 35 0,6153846154
13 36 0,6363636364
13 37 0,6578947368
13 38 0,68
13 39 0,7027027027
13 40 0,7260273973
13 41 0,75
13 42 0,7746478873
13 43 0,8
13 44 0,8260869565
13 45 0,8529411765
13 46 0,8805970149
13 47 0,9090909091
13 48 0,9384615385
13 49 0,96875
14 15 0,2929292929
14 16 0,306122449
14 17 0,3195876289
14 18 0,3333333333
14 19 0,3473684211
14 20 0,3617021277
14 21 0,376344086
14 22 0,3913043478
14 23 0,4065934066
14 24 0,4222222222
14 25 0,4382022472
14 26 0,4545454545
14 27 0,4712643678
14 28 0,488372093
14 29 0,5058823529
14 30 0,5238095238
14 31 0,5421686747
14 32 0,5609756098
14 33 0,5802469136
14 34 0,6
14 35 0,6202531646
14 36 0,641025641
14 37 0,6623376623
14 38 0,6842105263
14 39 0,7066666667
14 40 0,7297297297
14 41 0,7534246575
14 42 0,7777777778
14 43 0,8028169014
14 44 0,8285714286
14 45 0,8550724638
14 46 0,8823529412
14 47 0,9104477612
14 48 0,9393939394
14 49 0,9692307692
15 16 0,3131313131
15 17 0,3265306122
15 18 0,3402061856
15 19 0,3541666667
15 20 0,3684210526
15 21 0,3829787234
15 22 0,3978494624
15 23 0,4130434783
15 24 0,4285714286
15 25 0,4444444444
15 26 0,4606741573
15 27 0,4772727273
15 28 0,4942528736
15 29 0,511627907
15 30 0,5294117647
15 31 0,5476190476
15 32 0,5662650602
15 33 0,5853658537
15 34 0,6049382716
15 35 0,625
15 36 0,6455696203
15 37 0,6666666667
15 38 0,6883116883
15 39 0,7105263158
15 40 0,7333333333
15 41 0,7567567568
15 42 0,7808219178
15 43 0,8055555556
15 44 0,8309859155
15 45 0,8571428571
15 46 0,884057971
15 47 0,9117647059
15 48 0,9402985075
15 49 0,9696969697
16 17 0,3333333333
16 18 0,3469387755
16 19 0,3608247423
16 20 0,375
16 21 0,3894736842
16 22 0,4042553191
16 23 0,4193548387
16 24 0,4347826087
16 25 0,4505494505
16 26 0,4666666667
16 27 0,4831460674
16 28 0,5
16 29 0,5172413793
16 30 0,5348837209
16 31 0,5529411765
16 32 0,5714285714
16 33 0,5903614458
16 34 0,6097560976
16 35 0,6296296296
16 36 0,65
16 37 0,6708860759
16 38 0,6923076923
16 39 0,7142857143
16 40 0,7368421053
16 41 0,76
16 42 0,7837837838
16 43 0,8082191781
16 44 0,8333333333
16 45 0,8591549296
16 46 0,8857142857
16 47 0,9130434783
16 48 0,9411764706
16 49 0,9701492537
17 18 0,3535353535
17 19 0,3673469388
17 20 0,381443299
17 21 0,3958333333
17 22 0,4105263158
17 23 0,4255319149
17 24 0,4408602151
17 25 0,4565217391
17 26 0,4725274725
17 27 0,4888888889
17 28 0,5056179775
17 29 0,5227272727
17 30 0,5402298851
17 31 0,5581395349
17 32 0,5764705882
17 33 0,5952380952
17 34 0,6144578313
17 35 0,6341463415
17 36 0,6543209877
17 37 0,675
17 38 0,6962025316
17 39 0,7179487179
17 40 0,7402597403
17 41 0,7631578947
17 42 0,7866666667
17 43 0,8108108108
17 44 0,8356164384
17 45 0,8611111111
17 46 0,8873239437
17 47 0,9142857143
17 48 0,9420289855
17 49 0,9705882353
18 19 0,3737373737
18 20 0,387755102
18 21 0,4020618557
18 22 0,4166666667
18 23 0,4315789474
18 24 0,4468085106
18 25 0,4623655914
18 26 0,4782608696
18 27 0,4945054945
18 28 0,5111111111
18 29 0,5280898876
18 30 0,5454545455
18 31 0,5632183908
18 32 0,5813953488
18 33 0,6
18 34 0,619047619
18 35 0,6385542169
18 36 0,6585365854
18 37 0,6790123457
18 38 0,7
18 39 0,7215189873
18 40 0,7435897436
18 41 0,7662337662
18 42 0,7894736842
18 43 0,8133333333
18 44 0,8378378378
18 45 0,8630136986
18 46 0,8888888889
18 47 0,9154929577
18 48 0,9428571429
18 49 0,9710144928
19 20 0,3939393939
19 21 0,4081632653
19 22 0,4226804124
19 23 0,4375
19 24 0,4526315789
19 25 0,4680851064
19 26 0,4838709677
19 27 0,5
19 28 0,5164835165
19 29 0,5333333333
19 30 0,5505617978
19 31 0,5681818182
19 32 0,5862068966
19 33 0,6046511628
19 34 0,6235294118
19 35 0,6428571429
19 36 0,6626506024
19 37 0,6829268293
19 38 0,7037037037
19 39 0,725
19 40 0,746835443
19 41 0,7692307692
19 42 0,7922077922
19 43 0,8157894737
19 44 0,84
19 45 0,8648648649
19 46 0,8904109589
19 47 0,9166666667
19 48 0,9436619718
19 49 0,9714285714
20 21 0,4141414141
20 22 0,4285714286
20 23 0,4432989691
20 24 0,4583333333
20 25 0,4736842105
20 26 0,4893617021
20 27 0,5053763441
20 28 0,5217391304
20 29 0,5384615385
20 30 0,5555555556
20 31 0,5730337079
20 32 0,5909090909
20 33 0,6091954023
20 34 0,6279069767
20 35 0,6470588235
20 36 0,6666666667
20 37 0,686746988
20 38 0,7073170732
20 39 0,7283950617
20 40 0,75
20 41 0,7721518987
20 42 0,7948717949
20 43 0,8181818182
20 44 0,8421052632
20 45 0,8666666667
20 46 0,8918918919
20 47 0,9178082192
20 48 0,9444444444
20 49 0,9718309859
21 22 0,4343434343
21 23 0,4489795918
21 24 0,4639175258
21 25 0,4791666667
21 26 0,4947368421
21 27 0,5106382979
21 28 0,5268817204
21 29 0,5434782609
21 30 0,5604395604
21 31 0,5777777778
21 32 0,595505618
21 33 0,6136363636
21 34 0,632183908
21 35 0,6511627907
21 36 0,6705882353
21 37 0,6904761905
21 38 0,7108433735
21 39 0,7317073171
21 40 0,7530864198
21 41 0,775
21 42 0,7974683544
21 43 0,8205128205
21 44 0,8441558442
21 45 0,8684210526
21 46 0,8933333333
21 47 0,9189189189
21 48 0,9452054795
21 49 0,9722222222
22 23 0,4545454545
22 24 0,4693877551
22 25 0,4845360825
22 26 0,5
22 27 0,5157894737
22 28 0,5319148936
22 29 0,5483870968
22 30 0,5652173913
22 31 0,5824175824
22 32 0,6
22 33 0,6179775281
22 34 0,6363636364
22 35 0,6551724138
22 36 0,6744186047
22 37 0,6941176471
22 38 0,7142857143
22 39 0,734939759
22 40 0,756097561
22 41 0,7777777778
22 42 0,8
22 43 0,8227848101
22 44 0,8461538462
22 45 0,8701298701
22 46 0,8947368421
22 47 0,92
22 48 0,9459459459
22 49 0,9726027397
23 24 0,4747474747
23 25 0,4897959184
23 26 0,5051546392
23 27 0,5208333333
23 28 0,5368421053
23 29 0,5531914894
23 30 0,5698924731
23 31 0,5869565217
23 32 0,6043956044
23 33 0,6222222222
23 34 0,6404494382
23 35 0,6590909091
23 36 0,6781609195
23 37 0,6976744186
23 38 0,7176470588
23 39 0,7380952381
23 40 0,7590361446
23 41 0,7804878049
23 42 0,8024691358
23 43 0,825
23 44 0,8481012658
23 45 0,8717948718
23 46 0,8961038961
23 47 0,9210526316
23 48 0,9466666667
23 49 0,972972973
24 25 0,4949494949
24 26 0,5102040816
24 27 0,5257731959
24 28 0,5416666667
24 29 0,5578947368
24 30 0,5744680851
24 31 0,5913978495
24 32 0,6086956522
24 33 0,6263736264
24 34 0,6444444444
24 35 0,6629213483
24 36 0,6818181818
24 37 0,7011494253
24 38 0,7209302326
24 39 0,7411764706
24 40 0,7619047619
24 41 0,7831325301
24 42 0,8048780488
24 43 0,8271604938
24 44 0,85
24 45 0,8734177215
24 46 0,8974358974
24 47 0,9220779221
24 48 0,9473684211
24 49 0,9733333333
25 26 0,5151515152
25 27 0,5306122449
25 28 0,5463917526
25 29 0,5625
25 30 0,5789473684
25 31 0,5957446809
25 32 0,6129032258
25 33 0,6304347826
25 34 0,6483516484
25 35 0,6666666667
25 36 0,6853932584
25 37 0,7045454545
25 38 0,724137931
25 39 0,7441860465
25 40 0,7647058824
25 41 0,7857142857
25 42 0,8072289157
25 43 0,8292682927
25 44 0,8518518519
25 45 0,875
25 46 0,8987341772
25 47 0,9230769231
25 48 0,9480519481
26 27 0,5353535354
26 28 0,5510204082
26 29 0,5670103093
26 30 0,5833333333
26 31 0,6
26 32 0,6170212766
26 33 0,6344086022
26 34 0,652173913
26 35 0,6703296703
26 36 0,6888888889
26 37 0,7078651685
26 38 0,7272727273
26 39 0,7471264368
26 40 0,7674418605
26 41 0,7882352941
26 42 0,8095238095
26 43 0,8313253012
26 44 0,8536585366
26 45 0,8765432099
26 46 0,9
26 47 0,9240506329
26 48 0,9487179487
26 49 0,974025974
27 28 0,5555555556
27 29 0,5714285714
27 30 0,587628866
27 31 0,6041666667
27 32 0,6210526316
27 33 0,6382978723
27 34 0,6559139785
27 35 0,6739130435
27 36 0,6923076923
27 37 0,7111111111
27 38 0,7303370787
27 39 0,75
27 40 0,7701149425
27 41 0,7906976744
27 42 0,8117647059
27 43 0,8333333333
27 44 0,8554216867
27 45 0,8780487805
27 46 0,9012345679
27 47 0,925
27 48 0,9493670886
27 49 0,9743589744
28 29 0,5757575758
28 30 0,5918367347
28 31 0,6082474227
28 32 0,625
28 33 0,6421052632
28 34 0,6595744681
28 35 0,6774193548
28 36 0,6956521739
28 37 0,7142857143
28 38 0,7333333333
28 39 0,7528089888
28 40 0,7727272727
28 41 0,7931034483
28 42 0,8139534884
28 43 0,8352941176
28 44 0,8571428571
28 45 0,8795180723
28 46 0,9024390244
28 47 0,9259259259
28 48 0,95
28 49 0,9746835443
29 30 0,595959596
29 31 0,612244898
29 32 0,6288659794
29 33 0,6458333333
29 34 0,6631578947
29 35 0,6808510638
29 36 0,6989247312
29 37 0,7173913043
29 38 0,7362637363
29 39 0,7555555556
29 40 0,7752808989
29 41 0,7954545455
29 42 0,816091954
29 43 0,8372093023
29 44 0,8588235294
29 45 0,880952381
29 46 0,9036144578
29 47 0,9268292683
29 48 0,950617284
29 49 0,975
30 31 0,6161616162
30 32 0,6326530612
30 33 0,6494845361
30 34 0,6666666667
30 35 0,6842105263
30 36 0,7021276596
30 37 0,7204301075
30 38 0,7391304348
30 39 0,7582417582
30 40 0,7777777778
30 41 0,797752809
30 42 0,8181818182
30 43 0,8390804598
30 44 0,8604651163
30 45 0,8823529412
30 46 0,9047619048
30 47 0,9277108434
30 48 0,9512195122
30 49 0,975308642
31 32 0,6363636364
31 33 0,6530612245
31 34 0,6701030928
31 35 0,6875
31 36 0,7052631579
31 37 0,7234042553
31 38 0,7419354839
31 39 0,7608695652
31 40 0,7802197802
31 41 0,8
31 42 0,8202247191
31 43 0,8409090909
31 44 0,8620689655
31 45 0,8837209302
31 46 0,9058823529
31 47 0,9285714286
31 48 0,9518072289
31 49 0,9756097561
32 33 0,6565656566
32 34 0,6734693878
32 35 0,6907216495
32 36 0,7083333333
32 37 0,7263157895
32 38 0,7446808511
32 39 0,7634408602
32 40 0,7826086957
32 41 0,8021978022
32 42 0,8222222222
32 43 0,8426966292
32 44 0,8636363636
32 45 0,8850574713
32 46 0,9069767442
32 47 0,9294117647
32 48 0,9523809524
32 49 0,9759036145
33 34 0,6767676768
33 35 0,693877551
33 36 0,7113402062
33 37 0,7291666667
33 38 0,7473684211
33 39 0,7659574468
33 40 0,7849462366
33 41 0,8043478261
33 42 0,8241758242
33 43 0,8444444444
33 44 0,8651685393
33 45 0,8863636364
33 46 0,908045977
33 47 0,9302325581
33 48 0,9529411765
33 49 0,9761904762
34 35 0,696969697
34 36 0,7142857143
34 37 0,7319587629
34 38 0,75
34 39 0,7684210526
34 40 0,7872340426
34 41 0,8064516129
34 42 0,8260869565
34 43 0,8461538462
34 44 0,8666666667
34 45 0,8876404494
34 46 0,9090909091
34 47 0,9310344828
34 48 0,9534883721
34 49 0,9764705882
35 36 0,7171717172
35 37 0,7346938776
35 38 0,7525773196
35 39 0,7708333333
35 40 0,7894736842
35 41 0,8085106383
35 42 0,8279569892
35 43 0,847826087
35 44 0,8681318681
35 45 0,8888888889
35 46 0,9101123596
35 47 0,9318181818
35 48 0,9540229885
35 49 0,976744186
36 37 0,7373737374
36 38 0,7551020408
36 39 0,7731958763
36 40 0,7916666667
36 41 0,8105263158
36 42 0,829787234
36 43 0,8494623656
36 44 0,8695652174
36 45 0,8901098901
36 46 0,9111111111
36 47 0,9325842697
36 48 0,9545454545
36 49 0,9770114943
37 38 0,7575757576
37 39 0,7755102041
37 40 0,793814433
37 41 0,8125
37 42 0,8315789474
37 43 0,8510638298
37 44 0,8709677419
37 45 0,8913043478
37 46 0,9120879121
37 47 0,9333333333
37 48 0,9550561798
37 49 0,9772727273
38 39 0,7777777778
38 40 0,7959183673
38 41 0,8144329897
38 42 0,8333333333
38 43 0,8526315789
38 44 0,8723404255
38 45 0,8924731183
38 46 0,9130434783
38 47 0,9340659341
38 48 0,9555555556
38 49 0,9775280899
39 40 0,797979798
39 41 0,8163265306
39 42 0,8350515464
39 43 0,8541666667
39 44 0,8736842105
39 45 0,8936170213
39 46 0,9139784946
39 47 0,9347826087
39 48 0,956043956
39 49 0,9777777778
40 41 0,8181818182
40 42 0,8367346939
40 43 0,8556701031
40 44 0,875
40 45 0,8947368421
40 46 0,914893617
40 47 0,935483871
40 48 0,9565217391
40 49 0,978021978
41 42 0,8383838384
41 43 0,8571428571
41 44 0,8762886598
41 45 0,8958333333
41 46 0,9157894737
41 47 0,9361702128
41 48 0,9569892473
41 49 0,9782608696
42 43 0,8585858586
42 44 0,8775510204
42 45 0,8969072165
42 46 0,9166666667
42 47 0,9368421053
42 48 0,9574468085
42 49 0,9784946237
43 44 0,8787878788
43 45 0,8979591837
43 46 0,9175257732
43 47 0,9375
43 48 0,9578947368
43 49 0,9787234043
44 45 0,898989899
44 46 0,9183673469
44 47 0,9381443299
44 48 0,9583333333
44 49 0,9789473684
45 46 0,9191919192
45 47 0,9387755102
45 48 0,9587628866
45 49 0,9791666667
46 47 0,9393939394
46 48 0,9591836735
46 49 0,9793814433
47 48 0,9595959596
47 49 0,9795918367
48 49 0,9797979798

